COBYLA50-PauliFeature1-RealAmplitudes2
166.64181221791543
166.7418254667523
167.98272398667416
169.81369975948354
166.80456346096682
170.64319068039532
161.7808663775554
158.4727166621141
156.65304669986503
172.01104960338148
162.009123960475
161.47919978542024
159.9907945901867
151.5857476251378
156.19107288595555
153.30947109689262
159.78275272759447
158.19225469133073
161.04332667735613
156.83285250088795
158.60446909952933
152.90291556535504
154.00287612175504
151.66104164878968
153.66672085022077
155.6133010666475
150.25949075857244
151.33998189571733
153.1003633578845
154.87974381518447
151.1514351239918
152.72121467516712
152.56713481630536
153.43217525138462
155.6956544412235
154.6090473810341
152.73094653506678
152.23633123894848
151.76514854577346
153.62783988723726
155.49277801372875
155.19808939557382
158.36603083276103
153.57505944443014
154.6742196816227
155.80082839612908
151.66404847536302
153.17137317251544
150.9516362378056
152.8760268221535
COBYLA120-ZZFeature1-RealAmplitudes4
start time: 1648033698.459178
169.60769266465968
167.9045187216017
173.17979590235007
167.39207885912913
166.28704795822827
166.8451504659859
167.47059469287203
167.82908178249755
165.89459471631812
167.0133775570648
166.59755317552148
169.7567205774838
164.22179892409304
169.02171292923776
166.05394882809216
165.04145388710154
166.97086932546625
164.53417016654063
164.7878987303652
164.50050144907385
168.98068926727677
161.04020459875105
160.69856405179996
158.78617751329688
158.0216875512455
160.11442731864997
165.68823439979056
160.85714888182864
157.37040900711693
160.14616172250018
160.48211315595415
155.06075209351704
162.75359757220536
158.45126651263618
161.2646104883082
157.83399310944785
156.51079301667087
156.38550850951685
157.1575846598982
157.34286765096826
161.32199486710903
156.2741669072685
162.52177330690878
158.26391149065734
161.16979228784692
162.01002783021735
160.55070954975128
160.45860856875325
161.852782256845
157.49542145951622
158.43442715395832
157.54128411076715
158.21719874844337
159.4206683250797
156.18625243086447
159.33815798638256
158.04870701314096
156.14889742833432
160.59852527423976
158.1102488245685
161.00142337874198
158.14627105233572
159.0671841873663
160.82668233346945
158.33968503453892
156.11729643149604
156.0141426978951
155.14164866000655
154.85007807155694
159.07381736422826
160.67708843956694
157.27018761660057
156.79871801239145
156.2511325156287
160.3119681809202
160.5199215560049
156.97255458064177
157.17274590734448
157.66934339086697
156.28187252876995
156.66487935444042
156.28609179780787
156.793415378822
156.6066139111863
154.20472971066988
154.98396391583168
154.88948555677732
155.911331405948
154.3626979558462
157.26910680164048
157.7277477546125
158.01413305062735
156.82294170657474
156.18131261034623
159.0536980464993
154.70925709854464
159.21839392423968
158.6322554411259
157.92981362555847
158.15814884318036
158.2986392015329
156.2588364954812
157.4241738160802
158.86623115467955
159.3381153020906
158.70106594431357
160.7615399899503
157.52620965145564
163.26490904039835
157.69622576671742
158.57724178738962
159.26778520809424
157.38843637150867
155.43821528059166
155.43557534771003
157.59990063781024
157.23602119853558
156.57663054757336
156.70948502830254
158.64881203535322
end time: 1648080760.747977
SPSA120-ZFeature4-RealAmplitudes2
start time: 1648080761.101917
170.67197857841632
172.9176740514405
162.28949696181638
167.7706498281674
168.72962533890305
165.45683753979537
167.050851434266
170.7906811662439
175.32994115256346
166.6781737689176
169.92976108442744
169.6052957607592
177.0214720882116
158.68427764037318
177.0096418182898
163.18444873967826
172.39494654824247
167.08912902309504
165.17482685028207
180.42091785401598
175.5624786577255
160.8498426422121
164.2968926893061
174.06246901910126
178.7428131678303
161.64517691039956
167.11371558184322
171.2413005346639
175.30889112633056
166.01672267638685
167.80369381546393
169.15149113114268
165.21150692376298
172.7461693326397
174.12631340926694
164.38557487703076
170.42786366454828
161.73344844320212
172.38927486581903
164.78465765942113
168.48287944578277
166.86001636863597
165.17790526300564
169.63614311782928
163.64353067241348
177.63394758305242
163.7512232288291
167.80811148888944
160.5531165160928
175.63281370967127
174.55992202404704
168.78720754057622
178.75510365322805
162.1857018713299
150.26977243538482
149.52979860201611
146.38237572032392
150.54782007427585
152.08068279299883
148.44517576634084
149.21824360482324
155.89472407526833
152.73519025393767
149.34734835572928
146.97249577795
155.12029203615262
146.97625936564984
147.8674350127486
145.0662255250693
150.144048563337
144.45681032472018
149.93464615995467
149.78557405705396
151.6315128098816
151.08329674592045
145.15045437995985
140.2134771782292
149.1662719299983
145.91980754495125
137.01080452539867
136.16765457155944
136.37694605485396
136.952947001714
141.22800251261407
137.20547802071115
139.87557762576472
135.836903844145
138.69607664886422
136.08076408490277
144.49749203567646
138.4951508472418
141.59182384022785
140.84231693360155
138.7896197163655
140.0296890881788
144.45516639728893
138.5892005398489
134.69711199744424
136.77066360536557
136.42618284510218
137.4395542946355
138.8583645101796
137.7070080616253
137.13847140220065
136.45858489307076
133.92541144726076
134.55411786652397
135.57484189131884
136.54892561962032
133.16046115643178
137.40705051666464
133.75914751406455
135.6519927824807
133.42180757358997
134.52160860360445
138.9817935712369
136.17281458027438
140.73842015109543
141.5940163830167
138.89026605774734
141.79320835443963
138.65011301264485
137.3405744392725
140.4453259879912
144.81969331669163
138.5288638320574
140.61057227080468
136.788526754894
139.3481677198297
139.41755783344436
134.7632129508159
138.9240844540149
137.99235870373803
134.62792146683097
142.65940802758072
141.66963922281028
133.83665150784202
138.0525091604645
137.09941665046034
135.4840819622939
136.0285625358912
136.58544764641942
135.7294280830671
137.50047225421352
133.48437830983403
138.01021235492115
134.3770432941084
134.96943123871438
134.4766996494165
134.63429106488258
136.6090767098335
131.5979114791095
136.096432312248
129.11009089459714
129.84852760880577
137.05922437914984
131.4874159758215
138.9680275596928
133.7167328098553
136.47635145380153
130.35231298664306
136.87476184081066
132.79747306156676
136.16861088368447
124.05293991844766
131.08601898582012
134.2009490870771
132.56079398057568
134.45248047003824
132.6721753927163
134.18415165910042
132.37379884359618
128.94087225389413
134.80696533988885
132.22495235272208
132.83006265416645
132.96395089196784
126.01897131640322
128.70202523141302
131.4676897360883
127.70070308341049
130.75216806693984
129.74221705300482
129.91787954133346
129.93566187888624
133.9924658682662
135.38320929302498
130.57634322953382
134.21215093449746
131.08513747317676
133.81451240259526
131.29879705311262
135.02802900423717
131.76254573450387
131.5044467489546
131.55364034659678
131.02248119446003
131.81560340160337
135.7361784671169
134.44343787912752
128.44977242866716
134.4744234984642
132.56861763413653
135.18758162215667
130.3741536625696
131.05544155926012
136.50543227449603
129.82916753462632
131.26394672965313
129.33824488815299
132.7213477441859
127.83663570997889
130.19102328775568
125.77891690468124
130.7403210357951
128.78519495896268
129.1621300006702
128.8179919058906
131.31605408574052
132.24260809664514
127.51809342405973
130.3512280651433
129.44213211545653
130.0402312627589
126.34240522344489
129.21640489473123
129.31817740073137
128.0517414687059
130.74827425483093
127.36176526040663
130.96431423698428
131.2126108764032
129.27250927490294
126.78577593037083
131.6630287935216
128.65551474135404
129.76832857560842
130.86002304064368
130.37089286011462
128.82646313086676
127.61850660724076
131.27085437688652
130.44345374873086
129.5364761094419
135.79080387104415
130.26254559300537
135.0103718200547
130.7955242789875
130.1641885991129
130.2556038462271
132.48291205372445
131.5805992393648
134.52569169196255
130.71190554899266
131.4501143430087
130.2110098689637
128.78026867663553
129.29381238094743
131.41908880697275
126.84617798524339
133.12201514378003
134.07380419469015
134.24063761938106
131.89805517892543
129.7000448249703
131.9941746777741
131.62875007882184
130.26857297130098
130.69203672419653
129.73638004470433
129.35397046893283
132.9341264193073
132.73542145757713
128.30995890158923
129.1449220761607
133.48755657105136
131.6866148581125
131.6759442793299
127.87156076580908
127.13204311873197
128.71712601892645
132.37446429324984
132.56978196125053
132.78147964800328
132.92587992891063
133.01227547053313
132.36460344419322
132.36383840300726
135.65048782982666
136.77489028967867
129.54796330236059
end time: 1648104024.5986571
SPSA120-ZFeature4-RealAmplitudes4
start time: 1648104025.377892
167.7379984660298
169.04972158868412
166.9112535387461
169.55423305594323
166.7927854138679
170.81257242548574
173.75254507544452
170.5036430114626
166.59127254730043
170.81695059651818
168.9463170361407
166.35313039956895
165.12838956921422
170.73052122249564
164.19442017637488
167.36678855415585
169.36840896713636
174.57547602833043
165.6632523398665
177.7822304056839
167.5221508888546
170.42824614314887
171.11523076408366
169.7709585959111
171.8997118242271
166.17902634201687
165.48312782867688
170.5267334321955
173.4620970418216
169.73799837726807
169.92246762879589
171.26894228988462
168.6101617915287
174.08196781894537
167.76405151030968
175.000628050431
167.16228115129243
170.94183323880117
165.8634272423973
173.81117811237064
170.5783570644871
171.77109044296785
167.22236446593706
171.8570171383495
167.50845451610795
170.35197171072483
169.41843583308193
163.36703089524374
167.12307577470403
171.05641579647087
169.39008662267028
167.77846320679606
173.6690507499169
163.21366073030367
169.24851947809634
174.90977933961844
164.43269439244025
157.24119060050197
162.1476061909559
164.53681135185494
163.1492237579164
161.74344789153034
164.08919349647238
161.21695762332178
162.21394970141657
163.35281882389847
165.22483866374867
165.15099026618492
164.65408282167454
162.35706764119828
164.5399474977693
164.71745790084438
159.6185999421378
165.3123738045624
163.86891061191838
160.89516852368652
159.2138187026075
157.61482989521394
159.15689427087042
157.24533638673893
157.03458737951286
159.71711457127455
163.06141038539428
157.6317807242891
161.84425107993312
157.23851626417738
156.21713372954528
158.2023851730487
160.78343562498046
154.5996375168703
155.43390775146221
157.09629535945217
156.64320818848645
158.11325466011272
155.6737663298495
156.21755576203594
154.6195768863935
156.71236268226946
154.00716495546473
156.15228230845423
152.62142415991514
156.29200469225742
152.44036141522113
156.88832282172316
159.22934826226847
154.72061725252388
159.3189860777625
157.78756508409327
156.31054568439805
155.63329841285142
154.75830970254412
156.15448260329248
152.91725632674837
156.8192158209993
149.98125664158022
152.12850803879118
153.97743300073222
154.36486883867974
152.79769862221724
154.33806335212282
151.93507502915196
152.49377810671427
150.70391665379123
157.31699105777685
151.4524844681442
155.3187618276312
152.05891205390103
151.15590922481937
154.77681473095384
148.52913849401037
148.15716125024016
150.37567709581137
151.51508077510877
148.03727146995408
147.40297534102618
149.84441656945177
149.39656718699433
148.33838441405854
149.51132534261433
151.80285556070643
149.81958863648103
150.94904447509995
150.63638780738708
156.27860090500997
152.57127292446324
153.457932639296
150.37860966761656
147.17695479152576
152.82597809282186
153.10173236364923
150.3652768067238
148.3947457653142
151.04325680666008
148.90802635729068
150.521928731178
149.07118839965293
152.6200801298896
152.9884970302543
150.03359061396569
149.37340830374757
147.5057511174593
151.88754867521004
148.84255087774545
149.50859744778026
145.77401235579345
146.83382484867508
145.19598144342578
146.21438701423585
145.81047110077463
151.27816859948683
142.73210956032133
152.49788624976475
148.5795911848671
149.66831830388514
152.76922812634123
147.481942024656
146.16095046154274
151.5977461156765
148.2131538847207
150.3342367262506
145.9942704615926
146.12401457953516
144.10366672619116
154.1051051504922
150.55639793391288
143.7380174349856
144.24004406582162
145.8524167872017
142.62332893704388
148.9072815620274
150.1841838713926
145.34239683437863
140.420937502695
144.28907656854392
141.49347769230556
142.47364980547974
142.17439323294437
144.13853437160557
141.9817063811845
145.18999081758074
151.0685472267149
145.08684425561782
146.84379895376392
146.5292222901671
147.14934274753705
153.61338095345317
149.70289640138367
143.64789087340984
147.57822784272963
144.25156219271472
144.9862177624924
150.8001816920682
152.73444458546155
146.20301269747176
153.01626747110276
153.01710616882082
149.20108022912558
149.62466810704302
143.46083632322754
150.29006626958352
146.3202667723014
145.01255208595714
145.6986783460353
146.41775212270636
146.18620410792266
143.39226942417307
153.0541221698935
143.2699459098562
148.7834330337775
143.67267388841574
143.9744575426649
145.87220165072236
144.4507023324745
143.26495304098435
148.74442483999832
146.66465870276474
150.59574275876753
141.3848291793007
143.58619781824646
143.21498093013338
148.55630273989573
146.2794881319578
144.41176133605535
147.1460361397641
148.036121879309
150.9550632810373
143.26524639544834
145.7112290109703
145.9910593035843
145.70809298115879
146.83944780311683
147.9376883186543
147.24915561499608
146.32598624858457
146.24804938434232
150.38254904951296
142.59196565877053
146.44725082336402
145.7643817413835
148.7692722147125
146.82040430288262
148.86414070624784
147.7295480846431
148.44064012825822
149.60476472317805
152.1852739922728
147.32920344115973
147.2375659774921
145.84060478008516
145.89930237334804
148.43173884770778
149.86065555048472
149.01378550868574
144.49667617634177
146.00307881764203
152.99855171847483
153.00712290125216
147.17214289433284
149.2630706873842
149.57700319988268
151.3893373933872
149.0558359266821
158.42131211077012
143.81014085455428
150.7835606986851
143.63713488064136
142.37057048543357
148.45310910148368
144.31418549003712
150.40921843433603
146.0420267631368
end time: 1648132336.662476
SPSA75-ZZFeature2-RealAmplitudes1
164.05278610784413
166.09765957440726
165.59411488190293
165.25380332994217
162.7882004497294
166.6181370391838
164.3544785012112
163.5939983909902
163.39356080135832
163.86437028473532
167.85517913893412
164.12787756119062
166.91103377403135
159.75913754772398
163.3671544115977
164.45708891849588
166.38392790404475
164.75181797236448
163.55268695446847
166.7957593766267
165.43480345253855
164.859276664987
164.98482253518978
163.42431964090213
166.0292016432101
164.63473630823754
164.3925857629242
166.0487339360184
164.83729231257297
164.23799484137533
163.28498526102774
165.22670014649057
165.785257676402
165.73204668076175
165.0704478288061
165.59284639953455
166.0798764029102
168.157510547182
162.87216623698077
167.69564916554364
167.20387869550981
164.96556001182168
164.87943620907987
164.19621783243466
162.22445366232387
165.19451086260415
165.60536488543997
163.7255020788304
162.37038527257434
166.64220175726007
162.76457812174422
165.93863057230385
166.97130583280264
164.05830882044134
173.15858533521683
167.70962578158398
160.98009494259446
152.11770494794916
168.06036651540566
164.2587315155667
163.1122168258655
158.43921452068625
160.55262811334438
162.14041935226155
161.20017729948987
160.68622130937752
163.589133737283
155.24728565272517
156.25262466830893
156.93104528373573
152.64072120368454
156.39790661901824
161.70862102537697
156.56932099717838
156.5741839781279
162.6678305615694
SPSA120-PauliFeature1-RealAmplitudes1
start time: 1648467478.8062432
166.86146481728647
160.60672450309565
165.24104394925013
160.30434193220773
165.56268473019094
160.0970715058476
163.52370170610914
163.38137574866795
165.49631897832265
160.04550191088526
166.09083121578132
158.20663205920007
163.36514919730834
163.47822069291257
160.14501426872548
164.74742936746347
163.83325990545947
162.57793776998415
162.0126773558404
164.76127484324923
163.2819132867033
163.11616551911428
165.47275754258706
160.48655198790422
159.8861301542152
166.80796216929207
164.6825490408659
161.93956937589874
163.04436337409896
163.95585685382434
167.48531386859932
158.99441293726565
163.88065184722157
161.9465697760805
165.00644403997524
158.59262359522964
161.0446302315998
162.84680565386418
161.6094615432146
163.09589935796748
161.2867214644937
161.33896477203703
160.95778051713182
163.36611905059334
163.95596211197355
159.87621843947147
163.46363938551872
162.1505381865728
162.54275537336267
160.50279174841353
162.4431447820227
161.98115557164374
161.176094833764
163.01346884024915
158.4832801037787
163.0553771194069
160.13765584059578
163.30007233158915
160.0083705857296
161.45173118216874
160.16750521736333
161.1075640590585
159.07021360139123
162.46615359365126
159.84303568853093
159.73640682018709
157.7281660708488
161.6887148244035
157.63228907982204
158.11624721839897
155.0461516169608
159.67551464850692
156.42714674507727
156.74412371745157
158.5285466325193
156.6636199031105
159.97669725406917
156.04641458871524
156.9112060963131
157.50172799006438
155.55348357891407
155.86532647452444
155.30040261772035
157.15598718321937
156.7551158438222
157.1360196680928
155.67111181116292
159.01656125077005
157.31159539546343
154.91568074500194
154.12338611163855
156.10569496084761
153.8854933989163
155.40472277648334
154.60754656674905
156.56017224305347
155.24333443101898
154.9047684128353
155.734040469768
155.09198347072982
154.60847213692634
155.848206674563
153.67079524319306
156.09466508171803
152.06914029540232
154.404364536785
153.26927952153707
154.44510953310646
154.57731780866285
155.1305513673699
156.36529788930744
153.34245080965292
156.54745231724434
154.9641273751481
156.37234595802218
153.7754403785617
154.98484429355364
157.3577359167107
154.76150397822036
155.61478371546872
153.79671841907984
155.8324692355453
154.59307370261578
154.07297018907698
154.8913786863053
152.57753352533544
154.70000027921037
155.5230478176228
153.81247376318228
156.77744940168083
156.3541041647644
155.3164715680664
155.37738476687392
154.57414678334504
152.7366326792686
153.53401055161646
152.3524501174347
155.02585513134056
153.97297852055198
151.86454712053558
153.0889042502544
154.74931318256606
153.68793261241217
153.73194121100144
153.83963392244402
155.78267588962666
153.9145462016657
154.4454401613379
154.78017683526508
153.66809331434465
154.14550654929943
153.99674308238573
154.85072688405285
154.55218197687893
154.2656843655026
153.65081477152142
152.99747677941548
152.41566151882495
153.80669306107322
153.89016004964492
153.04319254999513
152.60772145502747
152.6915877460457
153.7106933850891
154.39171265168216
152.94907290108188
155.20787410529314
153.92450393005913
155.2228833615373
154.9016082458224
153.71714405569668
154.35148863147558
153.93241488171927
154.42101933880338
152.18627021328348
151.52093759163733
153.73770692742332
151.20532538344094
152.9264180830432
154.82363003743998
154.0956430086699
155.76491919181942
154.15397129773896
152.3820758985429
152.58637469297682
154.916556565731
153.60385097008043
152.981579841589
151.3613777847959
152.17908764341453
152.03651116378094
152.82888483248308
154.86620883939685
155.29452586461724
154.9802853523806
154.87251112078025
154.02343708018037
152.8493851001462
151.71976748130135
149.72586691600858
150.7997186741387
151.57412908821487
151.08195680258757
150.61751991102034
153.82751117523475
154.9944965476883
155.3144081115602
155.29477117160434
154.37634978366125
152.79378407720577
155.37594235134603
153.72704225242703
154.42383960785102
153.79226393854955
154.20064841411747
153.3294204938074
153.23800839942916
154.55704836525155
153.59818342022925
153.62246879315245
155.01816083161532
155.1998131912663
154.12373347580996
153.78769293334057
154.7138772821289
155.20915070338322
153.41396649260457
153.882577686203
154.4436097356717
154.4787958093227
153.4128033126285
155.00706928616788
153.06932076939145
153.10457701339735
153.4985628510047
152.95972064428807
152.48296278671242
152.63629560991728
153.640861664059
152.55759144270172
153.35951768214363
152.06114073574426
152.5670588886875
151.4541330488611
153.18650328082924
153.0845088970248
150.5299431927897
151.84223611277437
150.94260285423843
150.56977779306206
151.6381617440156
153.58471012881205
157.45146654750997
153.22095138384464
154.54899306594564
153.83357873062837
153.1526154693418
153.4961880335172
155.09454887556305
154.20204572568213
153.73492974176352
152.43990694775326
150.46210600990827
153.81927046380628
153.77851205118733
151.9507668150838
154.8298341716891
153.2463139044414
153.75657890657138
153.71991646894574
154.61656444694395
154.11960129293456
152.80406636526595
150.92435574876666
152.8806311174471
152.7241371795453
153.50540479202388
151.4539431753717
152.49842683518176
152.6154350463812
148.01975969192296
147.27092538139607
150.37898062578006
148.35390924792716
153.17939431634812
149.37440687440613
148.64804810596593
149.7697482380148
150.29733648507732
152.60156811989754
152.34590554615872
end time: 1648494300.882643
SPSA120-PauliFeature1-RealAmplitudes4
start time: 1648494301.729841
166.57743574409747
167.09281307872698
167.19811838568054
166.66596275545672
167.73275820638122
167.81173299313204
167.5812062722021
167.91708098314615
166.99582426810537
166.71637262758887
167.38728041746924
166.6393491931022
167.26697816052865
166.57408414789518
168.04789638152064
166.62185632629237
167.95035046907796
165.45044337347423
167.46219283540808
166.8627980364127
166.838951119121
167.9864957717397
167.76046038488755
167.28469213399936
166.67916083544344
167.19879072306549
167.72907913362275
167.57651629212648
167.92140937088857
167.42149840215487
166.60997090845217
167.2656534498131
166.48332960336097
167.6779447968827
167.68349353295162
167.394984497522
166.28558903244496
167.08074413373228
168.19521659256418
166.50929790578584
167.38297734164976
166.55305536550432
166.04821324436102
166.71504466904375
167.3983181983365
167.36238418045008
167.84179484328436
167.26311570812842
167.54724095884546
167.44842537096287
166.77798460526924
168.0040928492613
166.5464052480602
166.29105873197125
167.400632148178
166.9196823400176
166.1092783195226
166.98836188826775
167.15397195364827
167.20541882418817
167.91033407236242
168.3363125604604
167.1070385767632
167.16511755688674
168.0677375469881
168.1328217279644
167.79233295468558
167.14975893255925
168.4852282390501
168.6859371223852
169.25421080009
168.69951150298732
166.9661538307983
167.76552241938248
167.39608901763285
166.48431046322037
167.0249717116224
166.95994534170498
168.99881124767842
167.97132525884018
166.93613596412825
166.66082314686886
167.66697824634335
167.86434697344794
167.40839692574224
167.66610819237604
167.88040935768433
167.3968915091619
166.8809756680415
166.4150887448851
167.29841921516348
166.87175910963776
168.7017996494802
166.46534330411774
166.59781693646482
167.28670055191296
166.8809883833873
168.267559555542
166.6464475761782
167.27188380336526
167.73431522019555
167.17729347953863
168.68827063701036
167.0500218298094
167.09451852992362
168.07695152891154
167.88503506329772
167.79355468016
167.23222489515874
166.5855071104816
166.72373536782212
167.72401777175384
168.18218251196797
166.0765999780032
167.37519925730436
166.87250817159702
167.20730481029153
166.82394461102612
168.02439358408645
166.55833600805374
165.90433218412656
166.2963658027919
166.52993594832537
167.52726434980687
166.9671165786513
166.5739426175157
165.69952284690368
166.69830919100357
168.14050897185604
167.70593005827016
166.88769515655954
166.41764834812443
166.99174649755
167.85772058000512
167.05192232540423
166.56918731249908
165.54126058521715
168.34213021261382
166.03639680011182
166.7792288914958
167.04861907043338
167.0102141355535
166.59746003013692
167.30793126127324
166.04942705169884
166.5270996994262
167.12376095121058
167.1595659635866
167.49664374040637
167.34747843493187
166.57872021319034
166.19196350417977
165.93947771249805
167.80368861636327
167.7450157249528
166.26370308743927
167.14009186963764
167.89130742556625
167.3543739761587
167.19869386707052
167.95748295732685
166.97634461340184
165.85285561311363
167.27673646850323
165.35827913743202
166.37821832671526
167.1972623903629
165.78316462757175
167.73167944010686
168.30607833533253
166.64442249804983
166.79281291385817
167.2590043277722
167.36991207661148
167.20042987882312
165.87156367614483
166.02614708637614
167.34774627620624
167.83023253435792
168.1781808189647
166.63639006002794
168.45888019203548
167.367356867809
167.49185155579747
168.15977464315057
167.57362090101043
168.77024739435316
167.69332846302459
167.8951884925759
166.68281984117638
166.48364089637528
167.3346766454401
166.410062211411
166.37230051003675
167.32463282341584
166.93859327390405
165.24549411296022
167.8543355634408
166.43328631725487
167.32878536744877
167.62506898962553
167.36424280598442
166.82381939212524
165.95795564573285
165.48023649540644
167.70708714869653
168.04493482955797
166.63624705966353
167.2094276632805
167.67999278527046
165.71287070292865
166.5516282794573
167.83438865791348
166.8953863235386
167.69179201638786
166.89905721384028
167.0860372684159
166.29382172024174
166.8660346388241
168.28982473256022
166.80976123188046
166.90479269816248
166.70104877362172
166.7314236151353
167.52619511478994
165.82686009044664
167.07683065841553
167.42980770686697
167.00138429672023
165.83143758945624
167.55216791645927
166.71209269442969
167.2469048310956
167.20020255741548
167.68513166204315
167.11926564850347
166.38133858272354
166.51793022547895
167.68751377259804
166.776025611922
165.2025373186696
168.48289903610836
167.1546552699743
166.05242544344492
167.76368824890244
167.15404342259495
166.59253303500657
166.12917517702925
166.57021822552255
167.33817802860366
167.83641854144486
166.50909481387208
166.6916994305068
167.9320455214306
167.5173187043689
167.39502942637023
166.53650557427773
168.21788643107314
167.40424524222362
168.83552466496354
167.21176088525064
166.58547236646567
166.84204816158172
167.60211476856267
166.62726830858648
167.9219638823854
167.84173445490725
168.7014068768315
167.0234729290976
168.5511842118673
167.73636248998514
168.3940817058503
168.77255231349096
167.46646487514303
166.021976994463
166.72382077607898
167.50316808087217
165.36874542850174
166.68196334025453
166.97289245831095
167.28259964702823
166.84288670219644
166.40012083922522
166.55880578431675
168.01098008993117
167.13561595572736
167.20107803668424
167.33690304550376
167.62391148700334
167.43969793393688
166.63951444123714
end time: 1648522276.00745
SLSQP120-PauliFeature1-RealAmplitudes2
start time: 1648522276.497189
165.9760148214774
165.62538365787665
164.5699436059959
159.3858406709406
160.36847610656332
156.33869874482116
161.71072280245323
158.8973548976476
161.7197817479133
160.1567559018745
160.98745335029116
159.42480331957992
161.0027428527884
161.11074067079113
160.59537746946424
161.83433480034935
160.58708713923275
end time: 1648568438.847701COBYLA120-PauliFeature1-RealAmplitudes2
1648888188.5071921
169.53042739509408
165.40010763486953
167.43873846368024
171.1033037520491
170.9303087325629
167.67799826065348
164.74234806413293
161.509613883749
160.2155755571068
162.6295297820651
167.96260698280668
166.84219888551698
161.6072954014508
156.91055660835252
164.79604936285273
156.00740857304731
155.80209584160335
152.89682671636143
152.35391423777963
152.2015194497713
154.18548572911698
160.32249296357185
154.58179936599197
153.92468581323595
155.96671792356008
149.71808908744262
158.3367417493968
152.68747691857538
154.2470578368913
152.96205776376647
150.2771875324597
153.61285564799854
153.6808352797393
151.6239401883198
152.57978112988175
150.9892958199457
151.3280821133676
150.49916790428216
151.28761537705037
149.74774875677565
151.87642027806822
151.38919132808377
150.60725188474
148.93860736503717
151.87190258421532
152.43053790233847
151.49788974905547
152.22817588715003
153.62414377850425
150.453391541134
151.98937683586814
150.62770792130388
151.87622532765647
151.98406378420265
149.24078717666157
151.92979693682722
151.46117984971994
151.67953814592872
152.92625728845456
150.62608906457803
152.2465275145497
151.70516182065126
151.30976523840093
148.82000028957128
150.6081040490932
150.9540598712258
148.94336912432817
148.68598490025087
149.66800085662152
150.4690761552088
152.42150830210915
152.0562208465599
152.50368351865845
151.01071187509046
149.06682606450394
150.21020731569465
148.0927683690023
151.27845050295332
150.84861649920495
154.067582209626
151.63857254280703
151.3427854625748
152.175263395663
151.4853279895959
153.23147698168307
150.97498242716958
149.27303315924198
150.06450632728365
151.52481105639734
149.09441553627602
149.83386487438057
150.17523918576933
149.73157517262626
150.43571066368344
150.9625222664265
152.50040852594748
150.72015218528648
151.6635429663245
150.89373425935256
152.4028052799631
152.2715940776325
150.38691860800438
150.40505707149396
151.65693868794528
151.06958315878197
153.9383981496154
151.6463584444607
149.46007291451053
152.6179791643708
153.1574477787732
151.1382967105378
151.61565833074457
154.55882373106542
152.71895905990004
152.2968027970488
152.64655102557535
150.96019508582802
151.49397873317795
149.51211681722845
151.16245178381996
1648901453.329889
SPSA120-ZZFeature2-RealAmplitudes1
1648901453.609864
171.91762607337924
167.1835443127077
170.35296533537252
167.978557658957
175.44732277195817
164.25896081582204
173.91092708579117
163.13371679973457
170.05964161456117
166.77658283059517
175.59860530826333
162.67158309807022
165.36552365905277
172.64263203270076
171.71264186364746
163.42247744860123
167.92462276780523
170.0692897015809
174.27454136010286
166.0551426261338
168.26883612568074
171.52660867720448
172.08293382383576
170.24940913880621
169.47170853226734
171.09943053970932
169.5727457352612
167.9468837376488
167.76327229301492
173.34697333895977
167.1933507043761
170.84750978601073
166.13998648000856
173.58084772545246
171.8382361240678
166.65878599514542
170.24246147927636
170.09920691493622
171.58223892940714
168.89244577848112
171.12328887617826
172.71480114220418
171.27562487359742
168.67251553344425
171.85350805280606
166.87733017010902
167.18906965689104
169.46085212005255
164.2316936897101
171.10194765723887
169.77844261461541
166.97574461706122
160.69934647183896
168.07232873335653
162.85651144212477
163.4750312925043
165.7396999909511
161.29343120135115
162.9506683484713
159.54716159947483
162.16663592922754
162.62206411585575
161.09945370549988
165.0733888443677
162.49269965420174
160.520888700201
160.76928143430698
160.19200940482204
159.58390038315449
162.6310389406874
158.4070142955804
162.31134609949981
158.64653307274395
160.86750779264293
158.6610142538391
155.94709462048507
154.99884880708234
154.9169132922201
154.43193827418122
154.96013207941127
153.40262102303916
152.8634838100329
152.2821100557756
154.94937163126863
152.33633020072133
151.83691137571196
150.8707118999159
156.47642962524338
151.38457339098207
155.17733613426017
151.93398395988714
150.57586557459229
149.91911381541246
152.79523367135664
154.37119863724772
151.48499957143557
152.9571562429906
154.8506435478988
155.43078566712802
150.95857835851658
148.6690823772016
155.88095922330285
151.76628234772787
154.2155456152492
155.18968172133847
152.4844607094052
154.5374430511501
149.66231178194747
151.6616288735286
152.3331245405312
150.7759664958325
151.32279748796046
153.44593925211421
153.14174503700758
154.78318817562058
153.8158731670603
150.04229747743761
154.05992777779466
155.3379360597525
152.35693828652435
152.51442171223783
153.62094311121191
153.7046813216038
154.2482569162435
155.9711915601798
153.13581147758194
151.854047367207
155.08048248061914
153.23781458028537
153.76936698468327
153.65842587487663
154.29094376819816
154.72824338889853
152.89727772629442
152.96873325840693
151.81894891828884
152.1369438786622
152.14463930138874
154.70484165978945
154.07909985913471
152.56560534280572
153.00165843959095
156.97433861845127
157.13411184250435
155.11911500193492
155.47303860096682
155.28245291984166
154.3614685052101
156.07553404216065
153.11472262223202
153.8088407436219
155.73787096967186
154.42572910961724
154.6290722276484
153.0595196380315
155.87253743585538
154.6985427880872
155.19845205184245
155.0582305963475
154.38129256163464
155.4678483397553
150.47202704252496
147.1398481610636
150.8307498646833
149.41713197385704
151.11999136408053
151.05400595993308
150.95004958849125
150.14827481083753
151.02391031848757
147.6429542645053
146.7263246247116
150.6555211932603
150.79247197626066
151.09063351169513
149.49495504647388
150.28622176138384
155.3083078777047
151.83879424502672
148.58052023658885
149.0176359795642
151.0246976784515
155.66075232417145
153.43184840482942
154.6344939356767
155.73748455887954
156.19584888892555
154.5433014919554
158.00739861685045
157.30735343544595
156.23656148481328
158.14813631088515
157.3693516137494
157.76730416657014
156.02992612040197
159.089260823788
155.87231872930485
157.41189334701974
157.23868026728783
156.24528837294628
151.3416938479229
151.44475153359704
151.88981316670944
151.81305959830786
151.84608640459578
150.54589043660332
151.69487582958467
151.2701189904314
150.9953656821173
149.49628374674
151.86804246814162
150.9697783042452
151.02721392363912
152.8440333272418
153.96673280034148
153.74266575275658
156.3219289968598
157.8438189305482
156.95993479527277
159.60051658815618
155.0423611115659
155.33540175075925
156.9645085638097
154.49790100875083
155.61618906075682
157.6948252018808
158.96786264128585
154.31692153263634
157.03417359376326
154.82965953113683
154.39004402766923
153.40776135242808
155.95068778390538
156.95384007084812
157.31382810477234
155.93160908398212
156.24760808863718
156.5161077521787
157.78087239636451
157.41651149909703
157.20588999601628
157.36438170315088
158.6973380134171
155.85377109683319
158.11815824372025
154.54645664185244
154.52044574185487
155.65412746671052
153.86326572926268
156.75212935195498
157.14630780619763
158.17640872687832
156.63468783885327
156.22950996543264
155.69873796144833
154.57997997009304
154.81755897232165
154.04689132938782
154.60541785347394
154.80353712200005
153.98604349115072
155.8764924125208
155.7630219038234
153.71234896370296
154.17267413992246
157.8146422412947
155.69630393014103
154.46389505804814
155.31644256016
154.56115604363038
157.0937325290532
155.7192974745396
153.84854805484963
155.41889317333198
154.716938352838
155.85094863153913
153.43282077587727
155.38086555451957
156.1796295847807
156.597791991889
154.94942635452006
154.12177235800326
155.82590881150256
151.38205955069833
151.29326395143585
152.79710306230078
152.5441424110215
152.1361391127772
151.3340469631343
152.6633478454557
150.79005613091053
1648944789.9360409
SPSA200-ZFeature4-RealAmplitudes2
1649054218.652261
163.99238423483516
168.81584041743537
165.98581329352083
166.16605097341971
166.37875252907094
167.75696166790198
165.3496866111016
168.57711168135322
167.9143731351054
165.05821332012607
166.59942358888455
168.20874107098916
166.76588333840377
170.85900781309257
167.69582280307867
163.76920743549516
164.11617779815055
169.12416051698932
165.18216664349404
165.70088745785608
168.54946509215216
159.31827810897983
167.92273450160724
162.93960098924586
170.31334463517135
167.86406872230614
162.1179676458564
170.04732229613342
160.43993008741123
171.23229865816404
162.90142653442322
165.20735393434833
164.39714942799725
166.6518297590478
160.99709900696374
166.62543199048275
170.6291978853169
163.13053138258454
164.09829099465432
166.3216726615539
171.8132120146786
159.42412052205086
171.1523839079198
165.73809734735005
163.61115229376773
170.7061707667078
167.24932224559538
165.45258324942537
173.7908838543855
162.36045637367752
164.697278282922
166.2034452605437
161.33464779639024
165.30797845020356
161.7914604302713
166.08222578598009
165.93178096415434
162.63817855184908
162.42506525593822
160.4346174118283
162.5405793429402
163.76015196090157
165.00749273657374
157.12682575618416
155.67543251007
157.55970139655113
155.6277679213637
159.753429791403
161.01217000613843
161.79426475394322
162.45093341976812
159.4543457918342
162.37232129837273
161.18770522466534
161.31887067721925
160.45959759200565
161.2118536224653
159.68120265079432
159.6512778845954
161.84577364418783
161.3988979856228
162.04839599802878
158.18030472498825
161.37667456215036
159.46539443023494
159.16788804615078
160.85549571114498
161.2607205881159
160.1077697961059
160.889976766004
160.56656827027072
160.72735086843582
159.05652850376515
159.1181800594689
157.7580622544754
158.38278738599138
160.66655066557246
159.85217644639118
158.9402326409224
160.6565275509891
158.09269318629043
158.1537526291043
160.6034594773995
159.28669169949342
161.4017295979369
160.01083703821743
159.55422192237242
159.50164462905732
157.43201789338568
158.18986459661946
158.771251862969
161.11744171979495
161.15764643234283
158.32168111688298
160.46354863080964
158.98696629085907
161.93904365169942
159.6934124331676
160.53584063891807
153.7554823159901
153.736076932695
154.34599828323815
155.58585205762512
154.68175769883374
155.89538286616218
154.18043836188048
156.82012194736814
153.7939148409451
153.97355519641968
152.33471850736922
151.44174775108914
151.7463571489804
162.21193941572108
158.27505812512672
159.18256436323844
160.9371297498703
158.96823194436973
159.3097332715286
161.05874955143656
160.63379806742262
160.28182739678684
158.69294704389245
159.41795016630843
160.1072937648936
159.0794914715777
162.3822770490745
156.65386281248163
159.0805874585999
160.9815762719354
160.43687180580616
160.03446586713176
159.15695579709197
158.24441157419162
160.51154792507054
161.16088284295364
159.07647955504683
160.3133735844902
158.301108360009
159.5330776474258
160.3874577631219
158.44127574906372
159.98671060181712
161.15228726777147
159.05344749894374
160.60596758907602
158.41244617533889
152.1411855573508
155.89691747506342
154.7661426100078
155.14990970283247
152.66137585105008
155.17810257285308
151.26569144575674
155.49648770311455
155.475144865619
153.48342560759957
154.6933449895621
153.8910183121693
154.41628753615035
151.45410975584136
154.73163139799593
152.68072432187356
153.59825913288594
154.5639882837075
152.68640281827837
151.54381868447098
151.9890885487776
156.12815743260822
153.55415814097606
151.72508642620767
151.90249370190787
150.47909779520626
150.7806407909638
151.3766199075044
153.79350130761563
151.23768968684075
150.66009355280434
151.8321346549625
148.77085393704894
152.65209307558015
153.70446994195487
149.86095247687257
154.8661585878862
153.60346715213936
155.2314100138937
155.13757469008817
154.43057294111077
150.41176349920374
150.8279338636864
151.90855303520317
151.52620408012052
153.15405171559462
153.09795570670687
156.53380782558725
157.08019547490778
154.2232676473992
152.76315495920278
150.58269133971328
148.75528688130865
153.54258849615223
146.8137715487156
153.05719728266922
151.6507073953944
148.88341690593535
148.99977543160617
151.09125311019787
153.65791896383362
152.87941623686945
152.4013608140047
151.08533146491484
148.84409723653096
152.12040763264577
158.40141454335082
158.8478676793675
158.31877857100534
157.74963612411173
158.96660301337005
158.65889210189752
157.5975286098438
158.92627395400507
157.78235207110546
157.2523984064823
160.02880791422348
160.09509190310027
159.343420664901
160.67322838530785
156.392566128427
158.10202603140775
157.52559405944982
156.51928955859154
155.9548397309105
159.86110529737272
157.81118534014217
158.7336356754103
157.68857138921584
156.381807618645
159.40267411706034
157.81285599751746
159.98885212153752
159.44477425920667
157.8095485224744
158.6924927343893
156.5692563047545
159.99123022720045
155.9520251648522
153.73487227421023
152.31214759836618
153.8965029397746
152.581741015713
152.86719869168246
153.91609208750327
152.3423397164339
153.4237113810613
153.73931026239157
159.08971140510766
157.65685407264357
157.45789630091352
157.44647205419238
155.773660122353
158.35434882213445
157.71456521565244
160.16924906600454
158.54005432940426
157.14372958020851
158.85668833465448
156.22665305452227
157.61376218917437
157.4551862243486
156.40574739588948
156.29078471136913
157.20216809372317
157.19127357806784
158.54665109569555
159.44482287951243
159.53048552683686
156.30900885245188
157.82513997765088
157.6588071807078
157.35415489056544
159.40701650317513
158.09335236161724
157.76278851781893
158.5975030318446
156.15553177001706
157.97664828514462
158.5860653134184
158.8255142675744
157.27825274188385
156.7594471356903
156.6379472789093
156.05574687347843
155.34243903250464
155.55862493776212
154.85246199450418
156.41277503295026
156.11317143024067
156.39136597261432
155.49284967795668
155.05744432607804
156.9283108299554
156.04837857384854
156.55168376562386
154.86317932584276
158.36822339693282
155.69026056992325
145.58511515870623
146.72441696828452
147.85526871550695
149.23968466975623
151.28770407492635
148.5459929736968
148.84110673687422
150.04015793389698
148.30035142078654
147.59924122115626
146.8139140001699
147.6587011453229
149.6915429944765
147.03123108417878
147.84338260634667
147.85722216319056
147.50197203403854
147.74735913748282
143.36861801990193
142.37746498104028
143.5619322281931
142.61825388399606
146.2804753496515
144.41051659999312
142.9437805563661
144.61840026666246
144.08760418676283
145.64399632987374
142.25547037882325
145.0731887147996
144.78921206753148
144.72372536923854
143.5246945799378
143.6989866643762
143.36195038509382
145.50626275845562
142.724125567462
140.06416280562772
143.0734301225075
143.97889729295468
146.2393558107326
141.75037617917258
140.54100145507758
142.03595080780846
142.2590253225937
142.2472854564408
141.96670969148093
143.2492867558089
142.7177389662161
143.1394930262273
142.06960703058266
143.01460962268703
146.1409838071625
144.17745030335388
143.29929873979574
145.7920869850737
144.72655862910617
143.71434831564187
155.49197425104992
153.95457839499556
155.08917724133474
155.03899644665643
153.7065720151653
154.91318341890718
153.55211795606698
152.95753865112044
153.31721705697373
154.94096032851496
153.95156007735852
154.92499026979976
154.72624805501547
154.02548255853756
154.457515107558
153.75418711173614
153.31912964571424
152.4395306766503
153.11202004330127
153.02888807169828
153.82911584509029
152.60615030741903
152.97973676913452
153.40073653221964
154.89236010601516
154.12378045788068
154.44199124129608
154.5354580766566
151.80059334301995
154.46651007399282
155.62185253025297
152.64586308090452
154.75832098094673
155.59518631443697
153.74556514568235
156.7350129308498
155.12738159734414
153.2469265086972
154.52456940981526
153.13469621343089
154.7414061218243
154.90548336733912
152.9628007266128
153.08269771949315
153.535878521463
141.11704564467752
143.44396556083848
141.55057476090548
145.65942751641833
144.54366996168017
144.19106272936673
142.36355107449322
142.36522551709365
138.45223788841918
141.81400949736647
140.2854211193667
141.5253323506529
141.5900327806604
139.6283904566818
139.7593619683093
142.03146175033075
149.63273255064414
154.148149002941
152.40489943920076
152.7040402023455
153.47167694319208
152.31064583301688
152.27281029981248
1649111988.662962
SPSA200-PauliFeature1-RealAmplitudes1
1649111988.9903848
168.2242775855879
166.73110050844485
168.41342475730212
167.53087674134227
165.6748837182525
167.99689381432026
167.696566491445
167.56346596902094
166.1693979889234
169.31790140695986
170.53551953878738
164.32234161752584
168.3339381723384
168.80274505588176
165.9308181820273
167.4848791837435
167.309862906629
166.50622572993177
167.07432349880807
169.52387338477348
166.88853987891315
167.97535495083474
167.98589519463485
169.29306585538654
169.98866200499901
166.31582840433532
168.8985913339777
166.2710888831434
168.58388228266836
166.37194593656696
168.67941841895072
167.53090171837957
165.08907542054192
169.71218626288828
166.94320054249374
166.67736089475068
168.38532983707165
166.62054525515524
169.6494737015433
165.16643840279352
168.45367578489797
164.67813993568436
170.53791606176594
166.810989605017
169.82434570881387
167.36054727780112
166.8775607164715
171.07164399339337
170.41522838909853
167.65591227175707
168.69472769389319
169.41040788134802
166.97121456296796
169.15381363315416
169.049119020932
167.85868715086914
170.2930255869164
166.35131609570524
167.54889129943498
169.57111376049374
169.64247236959412
168.678309625842
169.21830010416426
168.30786847186994
167.86885309959257
165.7855120587272
167.2133675591929
167.20405117165652
169.87380391938788
167.14521781739327
166.5890977203942
167.4568749164911
168.2382305660971
164.97659049004517
165.69827298534668
164.96474639907177
164.43760608293417
164.73311230478976
166.61043960693172
164.60276495101428
166.01983920905548
162.9314031980061
164.99514065647418
164.34152766651684
163.59197398689335
164.42596401167017
163.27104421728848
162.00508357129678
164.24855192390746
162.58329757443306
163.19943780858304
163.7163996120774
161.52220950371876
163.31920118435087
162.04647503431806
161.850660850339
162.7508493383505
162.29922343893875
161.88669167925536
162.2738660970781
163.58311159820843
163.39383096441063
162.47588275253764
163.60111675970782
163.25820655430755
161.7189224259018
162.56640322636355
161.71569269896025
162.60106302510158
162.53136857302937
161.44765667482315
161.70511420592
162.14550262006827
161.22401464330113
161.60802771984424
161.3470940111808
163.21322407549957
161.93734416065516
161.88185970764198
159.9133967248349
162.34643744812718
162.23756552880522
162.61690694386797
162.1468980712254
162.1887952816622
163.18355258369616
160.62611676547044
162.0090469157825
162.22087695640505
162.38845756643914
163.08447235825557
161.64854835197366
162.9912315205951
161.57748576397248
162.96338610142107
162.78864318033658
162.01205544636616
162.65954144782594
160.99673377831573
161.14144425026004
160.79929678032676
156.9140013545213
159.47590783902046
156.59021882620718
158.5824106440025
160.36180014510512
159.59795170558377
160.29994290773138
156.99093822832668
157.14438610466578
158.89287480296935
157.15279841794043
159.3306829657891
159.34363771311547
157.85904995527753
156.58786289089545
158.6778286947203
160.15716356097437
157.77335243287644
157.62298572572334
159.22471214682028
158.86114875134666
157.27316138472054
157.43069167528392
159.8735912357055
159.33673157617784
159.75302752784572
161.08630317731368
160.54199198663468
159.0688901725875
160.4495442335038
159.80414625949635
159.1727379762726
160.92387157596517
161.08120799985633
161.48234009387565
159.60497431577528
157.8338623527482
160.79420862079718
159.92412824088214
161.25415783650553
158.89259092470914
158.74142467476892
160.65526031468085
158.9655948792941
157.29331990651795
158.63432623160585
159.96601749176023
159.69603213534052
161.13730728012504
162.48481387799794
160.67712728064825
161.3091416466088
161.0945114179239
159.13583208584043
160.81373545495796
162.38843733123716
159.34513248965635
161.57276036969867
162.0968145712473
161.09110753319675
162.83163459319863
160.0583896344635
161.14130563479048
159.21405207902453
160.88708822512288
161.0367440756632
160.97704629566
159.91674628276488
158.72352463004998
159.84485816446775
159.25419217020024
160.39468833922402
158.17323808451016
157.80424797209892
156.51252276135972
160.14676655655384
159.76293137731884
159.98237177303037
161.01529522955786
158.7845165946495
157.57021346723798
157.67323906579327
160.41966575034627
156.97801251097147
161.2418999974059
159.31689143638528
159.15311626175009
159.59722583118395
159.26022002422064
160.86016009089877
160.5751306924506
157.63811203886337
162.04188533870328
161.5706362538931
163.27635685550104
160.8227049950851
160.79411467899627
161.8457231544686
161.61690907439367
162.4669364427854
161.88384321760032
160.9277438240886
161.588183730184
161.7633622293598
160.3898838750944
161.06795012749686
163.94757320160366
162.20105194251846
161.67601751079712
161.56186507187311
159.18887322044128
160.14888587240588
158.20560693978317
159.82428188645096
158.69386145807738
157.77746287869934
159.4142255638498
160.01934006850314
156.59363159939144
160.1823653862065
158.92824690229835
161.45527994055905
158.24379809355293
159.95365081743745
158.70475061972294
156.52048893472994
160.45693776201267
157.566896075793
161.51532792362508
161.81536033426624
162.67616080324666
163.6187757037826
163.03269821351043
162.71793780866994
163.23208560180913
158.32450094207275
157.01252388878265
157.28428748977024
155.13240620152868
155.11396110945455
157.57152804142433
157.6008308614423
157.1968066925353
155.62034460604633
158.69253867092874
156.21666808954566
155.64881311825448
158.46338744881072
157.15012596565663
155.42110885798158
156.03901422693582
157.41610982985304
155.36762820466654
154.27446307859796
160.69989161937033
157.24142706805281
154.2149208987094
156.12414931367553
155.3308984261803
156.49457004946208
154.91869183588486
157.6517903808412
156.02519537044512
155.68709893121846
SPSA200-PauliFeature1-RealAmplitudes1
1649136838.365619
165.80549064708427
162.05871954784124
166.43569150953468
165.0659356792553
165.9788385582963
164.56177599315382
165.18739941807706
163.64988140469768
167.07260330079174
164.65926718864944
162.72275954013253
166.76744310185876
163.8240178156105
167.19241151983192
163.0340426047541
166.9185398166654
165.14389800886877
164.6531121508034
163.53366113094754
166.7899665731218
167.20513083404708
162.3041163975258
165.27254946381524
163.8455343718938
162.5024499321131
165.34942767995219
166.2967747296215
167.1451770703485
166.44782212693414
161.78485290591286
167.2039864666624
165.89024911045854
164.73964875997237
162.42793642457133
166.50006855055838
164.07546228359857
165.77183956006945
163.26452893839576
168.65294742497076
164.43655704704997
166.79973526541713
164.19166759686533
165.36107532456506
164.49047015230212
165.44906416788947
168.10042914696712
164.92344841011217
163.66030248743812
166.26551593029475
164.8914746575365
166.23375197357765
164.3302733747095
164.1233273655283
166.21485192500313
160.7137205412009
158.73130523902714
162.02111517586192
155.50633939725824
159.63368241194027
164.83598859078722
163.1933340692599
163.9410024915451
162.1605529437825
166.72827523556083
164.85252640285574
161.18943651758048
163.53498314540988
161.74663520941695
162.03466893049526
162.98859865410074
161.29289790269368
164.21107164449296
160.92852933322007
161.46722196604745
160.831370757533
162.4751867512903
165.17059127159445
162.17046542059703
163.66153472256647
161.62591983034156
164.8996629916336
162.89907240768912
163.07124461564536
163.76655944281927
160.15683346411117
165.49244714246765
161.20850310965153
160.66899924530097
163.4020251939721
162.1057469113186
162.9824711410829
161.6102338545393
161.36674631735875
162.35640217446607
159.04260094278922
162.4003827936337
161.7415895077666
163.47085796547367
158.86960615915595
162.90545950308743
155.9989302113451
161.77586779219016
157.66419990787023
160.51110441470504
160.97727939753798
159.16719517052434
160.0306453245251
159.63490460574843
157.58406081579565
160.24122971535036
159.90591889762936
161.33935332982486
159.77268948778038
158.73855798365227
160.6826691470506
160.344396911713
161.86925034848582
160.59511895892211
160.9239521107046
160.4981280734559
161.90193473288355
163.1435103774675
158.73033503300275
162.79054972591754
160.87840049213068
159.20237917553882
159.8130249431634
158.00701976460078
159.25311252211992
161.50055756915398
160.57170180279684
156.02291280522806
156.7079767706486
160.18332180415518
155.38533386834314
152.84885269124032
149.74385309564775
156.97782838341826
152.33108644924116
153.43146563420473
152.5745139611698
154.46646285071193
157.3958723298107
150.78528791973062
152.04189991944375
155.16751614575512
152.63723832480278
154.88621863051833
154.80090711148978
154.5057904758576
154.72722732782634
154.98902370394762
155.0143426084078
151.96003579554613
150.62359042402932
152.2264862953027
154.61740063944885
154.30357594922094
155.04233871144095
155.24368169370396
152.63583616087777
152.35710055180755
153.44891075137753
156.0999866679305
156.7123461199324
152.29994576036998
152.00880201155758
155.1598227345214
151.82885148014196
155.36489781847177
156.86034521030646
156.83753089600953
153.12832554454167
159.7503062047469
153.769384711288
154.81257737134507
153.38173313491723
155.0898037543062
155.56519574408446
153.6798102571321
152.5245927214012
155.29350100697184
156.50743856360555
153.21285795153116
155.6457089412141
154.5371097170001
153.68658037578123
153.67560562650417
156.39663737283888
155.29420651433554
156.14967481993216
153.95045621423154
156.45964293288657
155.18413537393164
155.24100607642296
153.59011677177668
153.68260042517537
155.11854422608846
155.05715471364962
155.04724120101952
152.38037272650783
155.6771592763348
151.38697707210272
156.51245009891116
155.8785060330081
153.51884502874208
155.46477326571406
150.76719827788548
156.33172521427417
150.96487511240616
151.70811858791376
153.0482839612089
152.66660750720158
157.41195282479964
153.51394511384848
152.57017861522024
152.66525228376264
152.9172565939014
152.50185280893328
151.97615049245235
154.81767754319787
155.1403320707408
154.2143615404952
152.05006237891052
154.0304869122387
155.41945832507693
154.80887217036673
153.19748069130821
152.37004993981193
153.21398936950447
155.44327720381838
154.7923894372807
152.88838240424047
154.9222798162205
155.32881839300822
155.51972558261025
152.9667328744973
154.65160701434172
154.0099974909346
156.7010841650553
155.07818994283113
154.53712737372783
154.1109124289273
153.34461086219912
156.93771890533966
155.49346408137913
155.46754654806128
154.90080520775197
156.57291059809495
153.67254595537293
151.47686425224651
153.02154679815646
155.54296168320806
150.07758284238415
152.1621817185022
150.44136459353874
152.26945397153617
147.4976724981781
150.76506670200044
150.34811962895026
151.98041651615472
146.45336473827436
153.42304775451848
152.9986818330939
152.32785808235485
153.67364277593174
155.44410311683498
154.10133929149708
155.40373622219929
153.13155726250855
153.56661745715488
156.27550245344355
155.5770459010938
153.42419788792435
154.31164694647165
152.83996934673954
154.1642894675822
153.88134398889952
153.58390945033057
153.81803612613203
152.80594478295882
157.74536804075368
151.61834524695823
155.2307313605949
154.84096331952463
153.08866992256696
155.8105130462811
153.50508213149624
153.86012907285564
153.05325662595496
152.94764976811905
154.36887463598285
154.02509176080187
152.0621633629013
155.3553413583508
152.45108547446316
152.9596214143136
154.13105115748698
155.42673466498672
152.9425925168207
153.789828390599
152.98628844353658
154.05539341488512
152.69771031198616
154.0642007120665
154.70899825781657
153.86806261885408
152.97407669260707
154.60540336708868
154.83315238303825
153.87945232513596
156.27886492691485
153.80790335973074
150.65473281513525
147.82201207138624
151.994501573823
151.22798277163815
151.69505585357547
148.50646798187293
152.21097893189125
151.75096760851568
150.44269894235333
150.83547337232844
154.8655835821853
154.1163144248162
154.2197025966466
149.8918265515553
150.9956400858504
152.04988009890857
151.91033237628682
152.41780940702648
152.26745892524175
153.5518752384111
147.73429065367964
151.2923859039203
149.6978735138891
149.3780844846116
149.84852926873324
149.01384946237076
148.91182061809872
155.97222439932517
152.82534608126898
154.97270086028863
150.97036478907188
147.43753223342796
152.08972072474614
153.36974869891648
149.0453507025973
152.62073342724923
147.23183851649082
150.43893437615074
150.365428157734
146.53789634434816
147.47820218772324
147.78701219920902
150.95788711263643
146.11042232091802
149.34342129775897
149.3966090089116
148.9641598515019
149.0841942589086
148.114349068107
149.12915743291262
149.50494995031806
154.52296909579587
152.14899710383276
154.64695004212578
153.45679310554226
151.10948522954493
154.47681595375818
155.17609803400617
153.50722574858997
154.3048718513425
155.33349145985144
155.28902823317173
151.53696421764388
151.96779543301494
153.9250651163957
152.34909204701705
152.97435741030282
153.1491659883798
153.54640588935052
153.63411751199033
151.5086139235367
152.96904625276449
155.74241398166942
153.20831162317606
154.31031808619016
154.80657273632235
153.75416107076796
155.62129402608298
153.52240550631493
152.99228637822173
155.12490778482675
153.81525789810325
154.60220257941148
154.5756200539397
153.80285759364162
154.16194015193926
153.8586327734245
154.52043899562852
154.5816362035768
155.03613353672273
150.36147091377842
149.797522521006
148.8638749614665
147.36829010444185
148.747442744627
147.93077700097908
151.15556080649768
149.96538440229168
149.37221565342327
149.77705668644776
151.82421607364665
150.0952270080564
153.19860707074545
146.2431692172484
149.79893996513155
146.41852802126468
151.26784651921014
147.72951134571278
150.4092425669823
152.47597429013055
152.0019124559641
151.98637536350165
148.59047795432556
148.20140468451658
149.19975107741246
150.05779823196517
147.38465431451792
148.92282743534457
152.7216549746739
153.35928659087128
151.22513423756718
146.6186651454048
149.43404649484583
150.3313780474335
151.22246422501038
152.91860327827007
151.13870001720707
154.38106377244546
155.27777678666166
155.30562932302897
156.55304802906576
155.72638716824773
155.11463823588844
155.36177226150573
155.8855960949841
154.3954515526704
151.6740455983626
156.0957867331845
1649184276.8733408
